5.002499999999857061e-02	1.284438607493572526e+00	0.000000000000000000e+00	1.870633066102216580e+00	0.000000000000000000e+00
1.500499999999916345e-01	1.494264136824452915e+00	0.000000000000000000e+00	2.003435166636773790e+00	0.000000000000000000e+00
2.500499999999806211e-01	1.579056485512111196e+00	0.000000000000000000e+00	2.021795555840901759e+00	0.000000000000000000e+00
3.500499999999696077e-01	1.625815416613433984e+00	0.000000000000000000e+00	2.019632344868612872e+00	0.000000000000000000e+00
4.500499999999586498e-01	1.653960357462035624e+00	0.000000000000000000e+00	2.012679064432878917e+00	0.000000000000000000e+00
5.500499999999476364e-01	1.663393233639673952e+00	0.000000000000000000e+00	2.000700067015049211e+00	0.000000000000000000e+00
6.500499999999366230e-01	1.666358610644960603e+00	0.000000000000000000e+00	1.983970955886242171e+00	0.000000000000000000e+00
7.500499999999256096e-01	1.662341013379220689e+00	0.000000000000000000e+00	1.963316758629517711e+00	0.000000000000000000e+00
8.500499999999145961e-01	1.660715758454713642e+00	0.000000000000000000e+00	1.940422153717624720e+00	0.000000000000000000e+00
9.500499999999036937e-01	1.661111133190171341e+00	0.000000000000000000e+00	1.917344529043630841e+00	0.000000000000000000e+00
1.050025000000003761e+00	1.671124844029868273e+00	0.000000000000000000e+00	1.898828472622015706e+00	0.000000000000000000e+00
1.150000000000214628e+00	1.685499327879137921e+00	0.000000000000000000e+00	1.884202220454552990e+00	0.000000000000000000e+00
1.250000000000425660e+00	1.705954501074459007e+00	0.000000000000000000e+00	1.865169118487595368e+00	0.000000000000000000e+00
1.350000000000636691e+00	1.725548129551693455e+00	0.000000000000000000e+00	1.854958283867881974e+00	0.000000000000000000e+00
1.450000000000847722e+00	1.748294517481853827e+00	0.000000000000000000e+00	1.844879576911957031e+00	0.000000000000000000e+00
1.550000000001058753e+00	1.768576100767039527e+00	0.000000000000000000e+00	1.836921749923756453e+00	0.000000000000000000e+00
1.650000000001269784e+00	1.790237599271098601e+00	0.000000000000000000e+00	1.837145896148403734e+00	0.000000000000000000e+00
1.750000000001480815e+00	1.808240661325240861e+00	0.000000000000000000e+00	1.839985584867526613e+00	0.000000000000000000e+00
1.850000000001691847e+00	1.824271514081182932e+00	0.000000000000000000e+00	1.840120739219617496e+00	0.000000000000000000e+00
1.950000000001902656e+00	1.836687802993071106e+00	0.000000000000000000e+00	1.831442179905870882e+00	0.000000000000000000e+00
2.050000000001891642e+00	1.846092046634626449e+00	0.000000000000000000e+00	1.809512179233209839e+00	0.000000000000000000e+00
2.150000000001658584e+00	1.853006928384004492e+00	0.000000000000000000e+00	1.786142422499572335e+00	0.000000000000000000e+00
2.250000000001425526e+00	1.856993359798770005e+00	0.000000000000000000e+00	1.742867518962131879e+00	0.000000000000000000e+00
2.350000000001192468e+00	1.860289737545726796e+00	0.000000000000000000e+00	1.722607982165670792e+00	0.000000000000000000e+00
2.450000000000959410e+00	1.859812398559987479e+00	0.000000000000000000e+00	1.713047900484255592e+00	0.000000000000000000e+00
2.550000000000726352e+00	1.857967857456821692e+00	0.000000000000000000e+00	1.687766538748047829e+00	0.000000000000000000e+00
2.650000000000493294e+00	1.854646120531009190e+00	0.000000000000000000e+00	1.665758301868508706e+00	0.000000000000000000e+00
2.750000000000260236e+00	1.850497243673784320e+00	0.000000000000000000e+00	1.614908294616135942e+00	0.000000000000000000e+00
2.850025000000027120e+00	1.846035809886538592e+00	0.000000000000000000e+00	1.597827350815346659e+00	1.000000000000000000e+00
2.950049999999794004e+00	1.840386510207908222e+00	0.000000000000000000e+00	1.571471550531489125e+00	1.000000000000000000e+00
3.050049999999560946e+00	1.833378558817624571e+00	0.000000000000000000e+00	1.538170042314853214e+00	1.000000000000000000e+00
3.150049999999327888e+00	1.825335628657938969e+00	0.000000000000000000e+00	1.501551823179278600e+00	1.000000000000000000e+00
3.250049999999094830e+00	1.816535055068021487e+00	0.000000000000000000e+00	1.441268783869160464e+00	1.000000000000000000e+00
3.350049999998861772e+00	1.807603284464676996e+00	0.000000000000000000e+00	1.419061272608259427e+00	1.000000000000000000e+00
3.450049999998628714e+00	1.795983859003740024e+00	0.000000000000000000e+00	1.310217918733629361e+00	1.000000000000000000e+00
3.550049999998395656e+00	1.783956037336344780e+00	0.000000000000000000e+00	1.227795077182293415e+00	1.000000000000000000e+00
3.650049999998162598e+00	1.775201830078712684e+00	0.000000000000000000e+00	1.104493189910300321e+00	1.000000000000000000e+00
3.750049999997929540e+00	1.769135645117778211e+00	0.000000000000000000e+00	1.049904967380908438e+00	1.000000000000000000e+00
3.850049999997696482e+00	1.762896059743298105e+00	0.000000000000000000e+00	9.822307240574611464e-01	1.000000000000000000e+00
3.950049999997463424e+00	1.761185561723865423e+00	0.000000000000000000e+00	9.083446526796183917e-01	1.000000000000000000e+00
4.050049999997230366e+00	1.758383389767301352e+00	0.000000000000000000e+00	7.803869885816506757e-01	1.000000000000000000e+00
4.150049999996997308e+00	1.758461007720787173e+00	0.000000000000000000e+00	6.734649832883256027e-01	1.000000000000000000e+00
4.250049999996764249e+00	1.761421803890651949e+00	0.000000000000000000e+00	6.235682099291406377e-01	1.000000000000000000e+00
4.350049999996531191e+00	1.764026963861722086e+00	0.000000000000000000e+00	6.662591143121110449e-01	1.000000000000000000e+00
4.450049999996298133e+00	1.764755320733196076e+00	0.000000000000000000e+00	7.232464369759478151e-01	1.000000000000000000e+00
4.550049999996065075e+00	1.764967086282478670e+00	0.000000000000000000e+00	8.123226199648350132e-01	1.000000000000000000e+00
4.650049999995832017e+00	1.765406195422769997e+00	0.000000000000000000e+00	8.290486283346366614e-01	1.000000000000000000e+00
4.750049999995598959e+00	1.762460376672641882e+00	0.000000000000000000e+00	8.038996645184945944e-01	0.000000000000000000e+00
4.850049999995365901e+00	1.757353880424691983e+00	0.000000000000000000e+00	7.703036113136091378e-01	0.000000000000000000e+00
4.950049999995132843e+00	1.748681300340052536e+00	0.000000000000000000e+00	8.200203113346002937e-01	0.000000000000000000e+00
5.050074999994899727e+00	1.735382289915723630e+00	0.000000000000000000e+00	9.321009632186416649e-01	0.000000000000000000e+00
5.150099999994666611e+00	1.722419132267766662e+00	0.000000000000000000e+00	1.124752388848156315e+00	1.000000000000000000e+00
5.250099999994433553e+00	1.706851863753203524e+00	0.000000000000000000e+00	1.372399362982409610e+00	1.000000000000000000e+00
5.350099999994200495e+00	1.691932678714996641e+00	0.000000000000000000e+00	1.543801307707957093e+00	1.000000000000000000e+00
5.450099999993967437e+00	1.676094959206907875e+00	0.000000000000000000e+00	1.715241547292004842e+00	1.000000000000000000e+00
5.550099999993734379e+00	1.656391075187172435e+00	0.000000000000000000e+00	1.804587694361454719e+00	1.000000000000000000e+00
5.650099999993501321e+00	1.636632409147600553e+00	0.000000000000000000e+00	1.900850324959287407e+00	1.000000000000000000e+00
5.750099999993268263e+00	1.613990062327772312e+00	0.000000000000000000e+00	2.000774632637300154e+00	1.000000000000000000e+00
5.850099999993035205e+00	1.595114936095294311e+00	0.000000000000000000e+00	2.056262733280679988e+00	1.000000000000000000e+00
5.950099999992802147e+00	1.574782094563435209e+00	0.000000000000000000e+00	2.069602338389727958e+00	0.000000000000000000e+00
6.050099999992569089e+00	1.553175092643117816e+00	0.000000000000000000e+00	2.077445371390348683e+00	0.000000000000000000e+00
6.150099999992336031e+00	1.537258098325711142e+00	0.000000000000000000e+00	2.093272336889012486e+00	0.000000000000000000e+00
6.250099999992102973e+00	1.521605989069116260e+00	0.000000000000000000e+00	2.099542651591176590e+00	0.000000000000000000e+00
6.350099999991869915e+00	1.517943054156400962e+00	0.000000000000000000e+00	2.104035481246317119e+00	0.000000000000000000e+00
6.450099999991636857e+00	1.525033133279535047e+00	0.000000000000000000e+00	2.117176613240503436e+00	0.000000000000000000e+00
6.550099999991403799e+00	1.540300345505570156e+00	0.000000000000000000e+00	2.139510000831345238e+00	0.000000000000000000e+00
6.650099999991170741e+00	1.559295486910998285e+00	0.000000000000000000e+00	2.170562743478448908e+00	0.000000000000000000e+00
6.750099999990937683e+00	1.560279208588118527e+00	0.000000000000000000e+00	2.205555551826273053e+00	0.000000000000000000e+00
6.850099999990704625e+00	1.549560282892674445e+00	0.000000000000000000e+00	2.218131675641599188e+00	0.000000000000000000e+00
6.950099999990471566e+00	1.516307439898732179e+00	0.000000000000000000e+00	2.206906715588211831e+00	0.000000000000000000e+00
7.050099999990238508e+00	1.466645712728094075e+00	0.000000000000000000e+00	2.183309496222099799e+00	0.000000000000000000e+00
7.150099999990005450e+00	1.409105099649623716e+00	0.000000000000000000e+00	2.154566256949500325e+00	0.000000000000000000e+00
7.250099999989772392e+00	1.354052451193244133e+00	0.000000000000000000e+00	2.122301801566008450e+00	0.000000000000000000e+00
7.350099999989539334e+00	1.294578878314688986e+00	0.000000000000000000e+00	2.091013984869011910e+00	0.000000000000000000e+00
7.450099999989306276e+00	1.248352761473622285e+00	0.000000000000000000e+00	2.057260995154544858e+00	0.000000000000000000e+00
7.550099999989073218e+00	1.195735579709158891e+00	0.000000000000000000e+00	2.023601779730062500e+00	0.000000000000000000e+00
7.650099999988840160e+00	1.110500678702085020e+00	0.000000000000000000e+00	1.988326305897938129e+00	0.000000000000000000e+00
7.750099999988607102e+00	1.027159671123825335e+00	0.000000000000000000e+00	1.953632073909788991e+00	0.000000000000000000e+00
7.850099999988374044e+00	9.762604714663457584e-01	0.000000000000000000e+00	1.921380289744543557e+00	0.000000000000000000e+00
7.950099999988141874e+00	9.328505067286771979e-01	1.000000000000000000e+00	1.889665205630274514e+00	0.000000000000000000e+00
8.050099999987908816e+00	8.931562839892324135e-01	1.000000000000000000e+00	1.857059536278884426e+00	0.000000000000000000e+00
8.150099999987675758e+00	8.546550406987127868e-01	1.000000000000000000e+00	1.825834189949874231e+00	0.000000000000000000e+00
8.250099999987442700e+00	8.406960165280752406e-01	1.000000000000000000e+00	1.796566264238092181e+00	0.000000000000000000e+00
8.350099999987209642e+00	8.178548809281672716e-01	1.000000000000000000e+00	1.765321775567739504e+00	0.000000000000000000e+00
8.450099999986976584e+00	7.910325338653001470e-01	1.000000000000000000e+00	1.736884597811348296e+00	0.000000000000000000e+00
8.550099999986743526e+00	7.860472425994675660e-01	0.000000000000000000e+00	1.710438756185430620e+00	0.000000000000000000e+00
8.650099999986510468e+00	7.793830054932094908e-01	0.000000000000000000e+00	1.684524525023400887e+00	0.000000000000000000e+00
8.750099999986277410e+00	7.827185663257272275e-01	0.000000000000000000e+00	1.665363800495777813e+00	0.000000000000000000e+00
8.850099999986044352e+00	7.812350200524532662e-01	0.000000000000000000e+00	1.648570507448877676e+00	0.000000000000000000e+00
8.950099999985811294e+00	7.713848431585544896e-01	0.000000000000000000e+00	1.637203109148855695e+00	0.000000000000000000e+00
9.050099999985578236e+00	7.550804139280671290e-01	0.000000000000000000e+00	1.632089245436461500e+00	0.000000000000000000e+00
9.150099999985345178e+00	6.969008497814412895e-01	0.000000000000000000e+00	1.627939342394904676e+00	0.000000000000000000e+00
9.250099999985112120e+00	6.528551857785515056e-01	0.000000000000000000e+00	1.622313382574982255e+00	0.000000000000000000e+00
9.350099999984879062e+00	6.368837613270702525e-01	0.000000000000000000e+00	1.619385947281597904e+00	0.000000000000000000e+00
9.450099999984646004e+00	6.608614776734776930e-01	0.000000000000000000e+00	1.620451807691320134e+00	0.000000000000000000e+00
9.550099999984412946e+00	7.438217114872154312e-01	0.000000000000000000e+00	1.622241299855031071e+00	0.000000000000000000e+00
9.650099999984179888e+00	8.744263483715991603e-01	0.000000000000000000e+00	1.641973576343509267e+00	0.000000000000000000e+00
9.750099999983946830e+00	1.024985955164218199e+00	0.000000000000000000e+00	1.676210357297364340e+00	0.000000000000000000e+00
9.850099999983713772e+00	1.176692342337190667e+00	0.000000000000000000e+00	1.701025113940272782e+00	0.000000000000000000e+00
9.950099999983480714e+00	1.307132306697925905e+00	0.000000000000000000e+00	1.723182037832213132e+00	0.000000000000000000e+00
1.005009999998324766e+01	1.418514494901401468e+00	0.000000000000000000e+00	1.763717147935688123e+00	0.000000000000000000e+00
1.015009999998301460e+01	1.525965465389448772e+00	0.000000000000000000e+00	1.797670994429573899e+00	0.000000000000000000e+00
1.025009999998278154e+01	1.646704538658062766e+00	0.000000000000000000e+00	1.813437624677974647e+00	0.000000000000000000e+00
1.035009999998254848e+01	1.751235061508549462e+00	0.000000000000000000e+00	1.839097081893279695e+00	0.000000000000000000e+00
1.045009999998231542e+01	1.810549958513985480e+00	0.000000000000000000e+00	1.873688119082841386e+00	0.000000000000000000e+00
1.055009999998208237e+01	1.839680538807091592e+00	0.000000000000000000e+00	1.898935606391057185e+00	0.000000000000000000e+00
1.065009999998184931e+01	1.859755014467158185e+00	0.000000000000000000e+00	1.908506046046594795e+00	0.000000000000000000e+00
1.075009999998161625e+01	1.911041967279174081e+00	0.000000000000000000e+00	1.916048444389912397e+00	0.000000000000000000e+00
1.085009999998138319e+01	1.948668908125919197e+00	0.000000000000000000e+00	1.920264580753127115e+00	0.000000000000000000e+00
1.095009999998115013e+01	1.958656467256697953e+00	0.000000000000000000e+00	1.918360047391401535e+00	0.000000000000000000e+00
1.105009999998091708e+01	1.960267569935497889e+00	0.000000000000000000e+00	1.910065109321029020e+00	0.000000000000000000e+00
1.115009999998068402e+01	1.968747859051095395e+00	0.000000000000000000e+00	1.903442460795615965e+00	0.000000000000000000e+00
1.125009999998045096e+01	1.983654477144731088e+00	0.000000000000000000e+00	1.898623977735881541e+00	0.000000000000000000e+00
1.135009999998021790e+01	2.001118640381525537e+00	0.000000000000000000e+00	1.882457392111994920e+00	0.000000000000000000e+00
1.145009999997998484e+01	2.013233126239093451e+00	0.000000000000000000e+00	1.856982487188684638e+00	0.000000000000000000e+00
1.155009999997975179e+01	2.017547528940893287e+00	0.000000000000000000e+00	1.838048521971552995e+00	0.000000000000000000e+00
1.165009999997951873e+01	2.012296710059584104e+00	0.000000000000000000e+00	1.835490468147242371e+00	0.000000000000000000e+00
1.175009999997928567e+01	2.010182744662120768e+00	0.000000000000000000e+00	1.817642239945489457e+00	0.000000000000000000e+00
1.185009999997905261e+01	2.006315961250121571e+00	0.000000000000000000e+00	1.757776314308954868e+00	0.000000000000000000e+00
1.195009999997881955e+01	2.009538579205904618e+00	0.000000000000000000e+00	1.706296438434284690e+00	0.000000000000000000e+00
1.205009999997858650e+01	2.004178665018596206e+00	0.000000000000000000e+00	1.681072436131606951e+00	0.000000000000000000e+00
1.215009999997835344e+01	1.986507047650795776e+00	0.000000000000000000e+00	1.668538497521051989e+00	1.000000000000000000e+00
1.225009999997812038e+01	1.949971618471541435e+00	0.000000000000000000e+00	1.629716785691213810e+00	1.000000000000000000e+00
1.235009999997788732e+01	1.904761011342244181e+00	0.000000000000000000e+00	1.590247566765249809e+00	1.000000000000000000e+00
1.245009999997765426e+01	1.862440829422520094e+00	0.000000000000000000e+00	1.558122869919309927e+00	1.000000000000000000e+00
1.255009999997742121e+01	1.828821418161764578e+00	0.000000000000000000e+00	1.526521021545934609e+00	1.000000000000000000e+00
1.265009999997718815e+01	1.807226328239722069e+00	0.000000000000000000e+00	1.490013417143686070e+00	1.000000000000000000e+00
1.275009999997695509e+01	1.782124976135637251e+00	0.000000000000000000e+00	1.463093937259832389e+00	1.000000000000000000e+00
1.285009999997672203e+01	1.746339578063121234e+00	0.000000000000000000e+00	1.416404907885020936e+00	1.000000000000000000e+00
1.295009999997648897e+01	1.705630085055309886e+00	0.000000000000000000e+00	1.366478362787447720e+00	1.000000000000000000e+00
1.305009999997625592e+01	1.665149417692970424e+00	0.000000000000000000e+00	1.316764800519155232e+00	1.000000000000000000e+00
1.315009999997602286e+01	1.630349181904211076e+00	0.000000000000000000e+00	1.239188704619094583e+00	1.000000000000000000e+00
1.325009999997578980e+01	1.603439585129640577e+00	0.000000000000000000e+00	1.204041144349669246e+00	1.000000000000000000e+00
1.335009999997555674e+01	1.589206257762760810e+00	0.000000000000000000e+00	1.111046354291926441e+00	1.000000000000000000e+00
1.345009999997532368e+01	1.584302772825066929e+00	0.000000000000000000e+00	1.034029318355825344e+00	1.000000000000000000e+00
1.355009999997509063e+01	1.586919285555899783e+00	0.000000000000000000e+00	9.479279704329621747e-01	1.000000000000000000e+00
1.365009999997485757e+01	1.591574471128970991e+00	0.000000000000000000e+00	8.523827293205546995e-01	1.000000000000000000e+00
1.375009999997462451e+01	1.595519463009661187e+00	0.000000000000000000e+00	7.929976227127124577e-01	1.000000000000000000e+00
1.385009999997439145e+01	1.596172305817087356e+00	0.000000000000000000e+00	7.034712467778918565e-01	1.000000000000000000e+00
1.395009999997415839e+01	1.590287859276775517e+00	0.000000000000000000e+00	6.733576601709079235e-01	1.000000000000000000e+00
1.405009999997392534e+01	1.578357755127980155e+00	0.000000000000000000e+00	6.550832044558223544e-01	1.000000000000000000e+00
1.415009999997369228e+01	1.555818021956540287e+00	0.000000000000000000e+00	6.578920422212730656e-01	1.000000000000000000e+00
1.425009999997345922e+01	1.529197465478040918e+00	0.000000000000000000e+00	6.991532947168546119e-01	1.000000000000000000e+00
1.435009999997322616e+01	1.493085542838494595e+00	0.000000000000000000e+00	7.373319245249102538e-01	1.000000000000000000e+00
1.445009999997299310e+01	1.456096201927389089e+00	0.000000000000000000e+00	8.353558495985747845e-01	1.000000000000000000e+00
1.455009999997276005e+01	1.415720449760912603e+00	0.000000000000000000e+00	9.308488848309097730e-01	1.000000000000000000e+00
1.465009999997252699e+01	1.376879362700877962e+00	0.000000000000000000e+00	1.009558495836579750e+00	1.000000000000000000e+00
1.475009999997229393e+01	1.344004899387543972e+00	0.000000000000000000e+00	1.132506654247346090e+00	1.000000000000000000e+00
1.485009999997206087e+01	1.319960615621708522e+00	0.000000000000000000e+00	1.224732573505104005e+00	1.000000000000000000e+00
1.495009999997182781e+01	1.304321067396318812e+00	0.000000000000000000e+00	1.286607567118201567e+00	1.000000000000000000e+00
1.505009999997159476e+01	1.312219294685012194e+00	0.000000000000000000e+00	1.403490907056528236e+00	1.000000000000000000e+00
1.515009999997136170e+01	1.339137959542530343e+00	0.000000000000000000e+00	1.493131896543153703e+00	1.000000000000000000e+00
1.525009999997112864e+01	1.383955902092744106e+00	0.000000000000000000e+00	1.556172506497111030e+00	1.000000000000000000e+00
1.535009999997089558e+01	1.440137480691703997e+00	0.000000000000000000e+00	1.585996606592011471e+00	1.000000000000000000e+00
1.545009999997066252e+01	1.505213209390403373e+00	0.000000000000000000e+00	1.680119199363828697e+00	1.000000000000000000e+00
1.555009999997042947e+01	1.570334368232371824e+00	0.000000000000000000e+00	1.788507970620001331e+00	1.000000000000000000e+00
1.565009999997019641e+01	1.611780268027124929e+00	0.000000000000000000e+00	1.834931682004194542e+00	1.000000000000000000e+00
1.575009999996996335e+01	1.622604400250489798e+00	0.000000000000000000e+00	1.804299679007115964e+00	0.000000000000000000e+00
1.585009999996973029e+01	1.605537266492992110e+00	0.000000000000000000e+00	1.763910823098174818e+00	0.000000000000000000e+00
1.595009999996949901e+01	1.584863276240959795e+00	0.000000000000000000e+00	1.775473654283838520e+00	0.000000000000000000e+00
1.605009999997104231e+01	1.568736562759695197e+00	0.000000000000000000e+00	1.809698717189642148e+00	0.000000000000000000e+00
1.615009999997436196e+01	1.554523164842339211e+00	0.000000000000000000e+00	1.806828964648712121e+00	0.000000000000000000e+00
1.625009999997768162e+01	1.541257652000190825e+00	0.000000000000000000e+00	1.793844424580954167e+00	0.000000000000000000e+00
1.635009999998100128e+01	1.535920999419137845e+00	0.000000000000000000e+00	1.834341690008215231e+00	0.000000000000000000e+00
1.645009999998432093e+01	1.527996706411562933e+00	0.000000000000000000e+00	1.893564879704410675e+00	0.000000000000000000e+00
1.655009999998764059e+01	1.520218432014392773e+00	0.000000000000000000e+00	1.932169614297584159e+00	0.000000000000000000e+00
1.665009999999096024e+01	1.511331760518233480e+00	0.000000000000000000e+00	1.971011462346162313e+00	0.000000000000000000e+00
1.675007499999427907e+01	1.504479969430089881e+00	0.000000000000000000e+00	2.020800500285718559e+00	0.000000000000000000e+00
1.685004999999759789e+01	1.498398779303397266e+00	0.000000000000000000e+00	2.066601601157973978e+00	0.000000000000000000e+00
1.695005000000091755e+01	1.491409729618472513e+00	0.000000000000000000e+00	2.128166585338326033e+00	0.000000000000000000e+00
1.705005000000423721e+01	1.487702311357798068e+00	0.000000000000000000e+00	2.202857864277741218e+00	0.000000000000000000e+00
1.715005000000755686e+01	1.479545854093219592e+00	0.000000000000000000e+00	2.266687992712721478e+00	0.000000000000000000e+00
1.725005000001087652e+01	1.474728682553981152e+00	0.000000000000000000e+00	2.319875589496076973e+00	0.000000000000000000e+00
1.735005000001419617e+01	1.470437563567944528e+00	0.000000000000000000e+00	2.380721834620347366e+00	0.000000000000000000e+00
1.745005000001751583e+01	1.472717904773312991e+00	0.000000000000000000e+00	2.439372153410853450e+00	0.000000000000000000e+00
1.755005000002083548e+01	1.476350760920035921e+00	0.000000000000000000e+00	2.479071410554940957e+00	0.000000000000000000e+00
1.765005000002415514e+01	1.481505537876423917e+00	0.000000000000000000e+00	2.494164083904825802e+00	0.000000000000000000e+00
1.775005000002747479e+01	1.485396105147843704e+00	0.000000000000000000e+00	2.489684946653809128e+00	0.000000000000000000e+00
1.785005000003079445e+01	1.487338941505936596e+00	0.000000000000000000e+00	2.474660997113258265e+00	0.000000000000000000e+00
1.795005000003411411e+01	1.489132337756902791e+00	0.000000000000000000e+00	2.456810226089367610e+00	0.000000000000000000e+00
1.805005000003743376e+01	1.488113351247958738e+00	0.000000000000000000e+00	2.434719288202897403e+00	0.000000000000000000e+00
1.815005000004075342e+01	1.489413231450556374e+00	0.000000000000000000e+00	2.412247363913945897e+00	0.000000000000000000e+00
1.825005000004407307e+01	1.486813196139750826e+00	0.000000000000000000e+00	2.387467134995003182e+00	0.000000000000000000e+00
1.835005000004739273e+01	1.488390719134969231e+00	0.000000000000000000e+00	2.358295388029022721e+00	0.000000000000000000e+00
1.845005000005071238e+01	1.487917477371136332e+00	0.000000000000000000e+00	2.332138689589052127e+00	0.000000000000000000e+00
1.855005000005403204e+01	1.492542182428770792e+00	0.000000000000000000e+00	2.313551549947561181e+00	0.000000000000000000e+00
1.865005000005735170e+01	1.495440956813007594e+00	0.000000000000000000e+00	2.294139170216865864e+00	0.000000000000000000e+00
1.875005000006067135e+01	1.500233129308664592e+00	0.000000000000000000e+00	2.287647017927998849e+00	0.000000000000000000e+00
1.885005000006399101e+01	1.500212361167997610e+00	0.000000000000000000e+00	2.276786177925671506e+00	0.000000000000000000e+00
1.895005000006731066e+01	1.500703910990866641e+00	0.000000000000000000e+00	2.269134325443110445e+00	0.000000000000000000e+00
1.905005000007063032e+01	1.492783129110947904e+00	0.000000000000000000e+00	2.263689103146150572e+00	0.000000000000000000e+00
1.915005000007394997e+01	1.486282218772110086e+00	0.000000000000000000e+00	2.269960461483975234e+00	0.000000000000000000e+00
1.925005000007726963e+01	1.471845218651246956e+00	0.000000000000000000e+00	2.282495430097335909e+00	0.000000000000000000e+00
1.935005000008058929e+01	1.456080234544324670e+00	0.000000000000000000e+00	2.276599759150524704e+00	0.000000000000000000e+00
1.945005000008390894e+01	1.422767115634864910e+00	0.000000000000000000e+00	2.253282231376705358e+00	0.000000000000000000e+00
1.955005000008722860e+01	1.380778298695767514e+00	0.000000000000000000e+00	2.210749582626736487e+00	0.000000000000000000e+00
1.965005000009054825e+01	1.341985742147955074e+00	0.000000000000000000e+00	2.155721162413986924e+00	0.000000000000000000e+00
1.975005000009386791e+01	1.299769119087236691e+00	0.000000000000000000e+00	2.084882481420923028e+00	0.000000000000000000e+00
1.985005000009718756e+01	1.293905751056629194e+00	0.000000000000000000e+00	2.029236302873683062e+00	0.000000000000000000e+00
1.995005000010050722e+01	1.316125771838985381e+00	0.000000000000000000e+00	1.969133058138334613e+00	0.000000000000000000e+00
2.005005000010382687e+01	1.334936593177901143e+00	0.000000000000000000e+00	1.904301227631400195e+00	0.000000000000000000e+00
2.015005000010714653e+01	1.352800262306954160e+00	0.000000000000000000e+00	1.820860623695162550e+00	0.000000000000000000e+00
2.025005000011046619e+01	1.367955922212506836e+00	0.000000000000000000e+00	1.741826021982171291e+00	0.000000000000000000e+00
2.035005000011378584e+01	1.376633454359845743e+00	0.000000000000000000e+00	1.664967663356879291e+00	0.000000000000000000e+00
2.045005000011710550e+01	1.367918440805010682e+00	0.000000000000000000e+00	1.585524702629308003e+00	0.000000000000000000e+00
2.055005000012042515e+01	1.325712656169836023e+00	0.000000000000000000e+00	1.501376240849348287e+00	0.000000000000000000e+00
2.065005000012374481e+01	1.265119830603302242e+00	0.000000000000000000e+00	1.401468923392822141e+00	0.000000000000000000e+00
2.075005000012706446e+01	1.181715679369298222e+00	0.000000000000000000e+00	1.357483498145188427e+00	1.000000000000000000e+00
2.085005000013038412e+01	1.104051986004548791e+00	0.000000000000000000e+00	1.253043596221896427e+00	1.000000000000000000e+00
2.095005000013370378e+01	1.029928484404860178e+00	0.000000000000000000e+00	1.251663365853372900e+00	1.000000000000000000e+00
2.105005000013702343e+01	9.730227836251604812e-01	0.000000000000000000e+00	1.160012435920843465e+00	1.000000000000000000e+00
2.115005000014034309e+01	9.307086491262257510e-01	0.000000000000000000e+00	1.172052923023579440e+00	1.000000000000000000e+00
2.125005000014366274e+01	8.978747488924577747e-01	0.000000000000000000e+00	1.252240213710856365e+00	1.000000000000000000e+00
2.135005000014698240e+01	8.698850078937793162e-01	0.000000000000000000e+00	1.229813279704803586e+00	1.000000000000000000e+00
2.145005000015030205e+01	8.395934461909025925e-01	0.000000000000000000e+00	1.231260841183908106e+00	1.000000000000000000e+00
2.155005000015362171e+01	8.157491107607035552e-01	0.000000000000000000e+00	1.242307249134308567e+00	1.000000000000000000e+00
2.165005000015694137e+01	7.943500602688783330e-01	0.000000000000000000e+00	1.226241426653271294e+00	1.000000000000000000e+00
2.175005000016026102e+01	7.689075991268601307e-01	0.000000000000000000e+00	1.223621014408010188e+00	1.000000000000000000e+00
2.185005000016358068e+01	7.483328557695162475e-01	0.000000000000000000e+00	1.280469069367413004e+00	1.000000000000000000e+00
2.195005000016690033e+01	7.287151031293084280e-01	1.000000000000000000e+00	1.332307241024381028e+00	1.000000000000000000e+00
2.205005000017021999e+01	7.143168467442869707e-01	1.000000000000000000e+00	1.331343969177895881e+00	1.000000000000000000e+00
2.215005000017353964e+01	7.001411535785451168e-01	1.000000000000000000e+00	1.341248192928907956e+00	1.000000000000000000e+00
2.225005000017685930e+01	6.947187601487866404e-01	1.000000000000000000e+00	1.364010035173673030e+00	1.000000000000000000e+00
2.235005000018017896e+01	6.957449021403170342e-01	1.000000000000000000e+00	1.431713484898742061e+00	1.000000000000000000e+00
2.245005000018349861e+01	6.885296868037757978e-01	1.000000000000000000e+00	1.448636506322058093e+00	1.000000000000000000e+00
2.255005000018681827e+01	6.847007175077473029e-01	1.000000000000000000e+00	1.479051350410267807e+00	1.000000000000000000e+00
2.265005000019013792e+01	6.732611677962943020e-01	1.000000000000000000e+00	1.518242702713198833e+00	1.000000000000000000e+00
2.275005000019345758e+01	6.599096052095880793e-01	1.000000000000000000e+00	1.554502491199759140e+00	1.000000000000000000e+00
2.285005000019677723e+01	6.631561749544854223e-01	1.000000000000000000e+00	1.594145596007962018e+00	1.000000000000000000e+00
2.295005000020009689e+01	6.641511599466030091e-01	1.000000000000000000e+00	1.604324520788644959e+00	0.000000000000000000e+00
2.305005000020341654e+01	6.659592350451811749e-01	1.000000000000000000e+00	1.651908110372694916e+00	0.000000000000000000e+00
2.315005000020673620e+01	6.678419662899103271e-01	1.000000000000000000e+00	1.670708439057592365e+00	0.000000000000000000e+00
2.325005000021005586e+01	6.728986719436499397e-01	1.000000000000000000e+00	1.700947029739980243e+00	0.000000000000000000e+00
2.335005000021337551e+01	6.875952113528254195e-01	1.000000000000000000e+00	1.740730705877467699e+00	0.000000000000000000e+00
2.345005000021669517e+01	6.919577038387513257e-01	1.000000000000000000e+00	1.771801441081559680e+00	0.000000000000000000e+00
2.355005000022001482e+01	6.942514365938307064e-01	1.000000000000000000e+00	1.849583400387255772e+00	0.000000000000000000e+00
2.365005000022333448e+01	6.845358951384973301e-01	1.000000000000000000e+00	1.951507449900161895e+00	0.000000000000000000e+00
2.375005000022665413e+01	6.857608343675056783e-01	1.000000000000000000e+00	2.021791160855133107e+00	0.000000000000000000e+00
2.385005000022997379e+01	7.010359591478451113e-01	1.000000000000000000e+00	2.071183691830588813e+00	0.000000000000000000e+00
2.395005000023329345e+01	7.316293093915035017e-01	1.000000000000000000e+00	2.119728378422269799e+00	0.000000000000000000e+00
2.405005000023661310e+01	7.420982207766583238e-01	1.000000000000000000e+00	2.155016613429640238e+00	0.000000000000000000e+00
2.415005000023993276e+01	7.297506265270652381e-01	1.000000000000000000e+00	2.178986196054684132e+00	0.000000000000000000e+00
2.425005000024325241e+01	7.215493409497980570e-01	1.000000000000000000e+00	2.206737049620868252e+00	0.000000000000000000e+00
2.435005000024657207e+01	7.140591475788283793e-01	1.000000000000000000e+00	2.233749749230987902e+00	0.000000000000000000e+00
2.445005000024989172e+01	6.860055225254602096e-01	1.000000000000000000e+00	2.248379656865870047e+00	0.000000000000000000e+00
2.455005000025321138e+01	6.567699846876166037e-01	1.000000000000000000e+00	2.253414406927397806e+00	0.000000000000000000e+00
2.465005000025653104e+01	6.397286177558763054e-01	1.000000000000000000e+00	2.254159023991141542e+00	0.000000000000000000e+00
2.475005000025985069e+01	6.187623859229777201e-01	1.000000000000000000e+00	2.242412096570212121e+00	0.000000000000000000e+00
2.485005000026317035e+01	6.063497380197445663e-01	1.000000000000000000e+00	2.230053762692656427e+00	0.000000000000000000e+00
2.495005000026649000e+01	5.943184483325556489e-01	1.000000000000000000e+00	2.209806148373412604e+00	0.000000000000000000e+00
2.505005000026980966e+01	5.846257384784312450e-01	1.000000000000000000e+00	2.179497627974404050e+00	0.000000000000000000e+00
2.515005000027312931e+01	6.111792129097520787e-01	1.000000000000000000e+00	2.148581968321724656e+00	0.000000000000000000e+00
2.525005000027644897e+01	6.343516030267566386e-01	1.000000000000000000e+00	2.107667645356599451e+00	0.000000000000000000e+00
2.535005000027976862e+01	6.583064704124564903e-01	1.000000000000000000e+00	2.066951021104419528e+00	0.000000000000000000e+00
2.545005000028308828e+01	7.121198859156702143e-01	1.000000000000000000e+00	2.031542310359245818e+00	0.000000000000000000e+00
2.555005000028640794e+01	7.835287061177577117e-01	1.000000000000000000e+00	2.001343137105598302e+00	0.000000000000000000e+00
2.565005000028972759e+01	8.049529355411431109e-01	1.000000000000000000e+00	1.976701404055793532e+00	0.000000000000000000e+00
2.575005000029304725e+01	8.149936505113217766e-01	1.000000000000000000e+00	1.962820897353764193e+00	0.000000000000000000e+00
2.585005000029636690e+01	8.512669680596181010e-01	1.000000000000000000e+00	1.958662064093519728e+00	0.000000000000000000e+00
2.595005000029968656e+01	9.839673846440445404e-01	1.000000000000000000e+00	1.965702199416455409e+00	0.000000000000000000e+00
2.605005000030300621e+01	1.024504979468592980e+00	1.000000000000000000e+00	1.984019364550913433e+00	0.000000000000000000e+00
2.615005000030632587e+01	1.030987736199918459e+00	1.000000000000000000e+00	2.007156031119547102e+00	0.000000000000000000e+00
2.625005000030964553e+01	9.915311108338833446e-01	1.000000000000000000e+00	2.034639460451565185e+00	0.000000000000000000e+00
2.635005000031296518e+01	9.803986157000575963e-01	1.000000000000000000e+00	2.060068532621651016e+00	0.000000000000000000e+00
2.645005000031628484e+01	1.003973981174497876e+00	1.000000000000000000e+00	2.077839675154987908e+00	0.000000000000000000e+00
2.655005000031960449e+01	1.005407923319683761e+00	1.000000000000000000e+00	2.086761666895561085e+00	0.000000000000000000e+00
2.665005000032292415e+01	1.020990507914538048e+00	1.000000000000000000e+00	2.086666748666366811e+00	0.000000000000000000e+00
2.675005000032624380e+01	1.120892462591060568e+00	1.000000000000000000e+00	2.075886402277773435e+00	0.000000000000000000e+00
2.685005000032956346e+01	1.242309638562989704e+00	1.000000000000000000e+00	2.059135491413274899e+00	0.000000000000000000e+00
2.695005000033288312e+01	1.330221996759998859e+00	1.000000000000000000e+00	2.033672668494889368e+00	0.000000000000000000e+00
2.705005000033620277e+01	1.429674424985206249e+00	1.000000000000000000e+00	2.000559027516648491e+00	0.000000000000000000e+00
2.715005000033952243e+01	1.480706062859656225e+00	1.000000000000000000e+00	1.956718608736786713e+00	0.000000000000000000e+00
2.725005000034284208e+01	1.524226809758844947e+00	1.000000000000000000e+00	1.915305323554727490e+00	0.000000000000000000e+00
2.735005000034616174e+01	1.590805427618048773e+00	0.000000000000000000e+00	1.871278335827483152e+00	0.000000000000000000e+00
2.745005000034948139e+01	1.616468528018513817e+00	0.000000000000000000e+00	1.822603444838983178e+00	0.000000000000000000e+00
2.755005000035280105e+01	1.634008180093788676e+00	0.000000000000000000e+00	1.782150035425765999e+00	0.000000000000000000e+00
2.765005000035612071e+01	1.639029832140431964e+00	0.000000000000000000e+00	1.747415283106573236e+00	0.000000000000000000e+00
2.775005000035944036e+01	1.667108976852552216e+00	0.000000000000000000e+00	1.714061554707600576e+00	0.000000000000000000e+00
2.785005000036276002e+01	1.708384917984342444e+00	0.000000000000000000e+00	1.686872448455161377e+00	0.000000000000000000e+00
2.795005000036607967e+01	1.751412969403461251e+00	0.000000000000000000e+00	1.669734766044369545e+00	0.000000000000000000e+00
2.805005000036939933e+01	1.808139771938247709e+00	0.000000000000000000e+00	1.653299403948822688e+00	0.000000000000000000e+00
2.815005000037271898e+01	1.862852625237564785e+00	0.000000000000000000e+00	1.641084630079568729e+00	0.000000000000000000e+00
2.825005000037603864e+01	1.930507486688264551e+00	0.000000000000000000e+00	1.633984274582336305e+00	0.000000000000000000e+00
2.835005000037935829e+01	2.008485716713098501e+00	0.000000000000000000e+00	1.624404577431287633e+00	0.000000000000000000e+00
2.845005000038267795e+01	2.090284892751906209e+00	0.000000000000000000e+00	1.614241481650566357e+00	0.000000000000000000e+00
2.855005000038599761e+01	2.170282606318024055e+00	0.000000000000000000e+00	1.608038630375879352e+00	0.000000000000000000e+00
2.865005000038931726e+01	2.236600009504214004e+00	0.000000000000000000e+00	1.610514085010438912e+00	0.000000000000000000e+00
2.875005000039263692e+01	2.285787959983101025e+00	0.000000000000000000e+00	1.611228193409832699e+00	0.000000000000000000e+00
2.885005000039595657e+01	2.310568520808204074e+00	0.000000000000000000e+00	1.619104957085687468e+00	0.000000000000000000e+00
2.895005000039927623e+01	2.312316975293370991e+00	0.000000000000000000e+00	1.622881453708468147e+00	0.000000000000000000e+00
2.905005000040259588e+01	2.306584890835383650e+00	0.000000000000000000e+00	1.613459175236247045e+00	0.000000000000000000e+00
2.915005000040591554e+01	2.306065533490067043e+00	0.000000000000000000e+00	1.595387986233367084e+00	0.000000000000000000e+00
2.925005000040923520e+01	2.313425789361627238e+00	0.000000000000000000e+00	1.554112132334984464e+00	0.000000000000000000e+00
2.935005000041255485e+01	2.325365352920973461e+00	0.000000000000000000e+00	1.504212778730405375e+00	0.000000000000000000e+00
2.945005000041587451e+01	2.335377017143247524e+00	0.000000000000000000e+00	1.431057060370519940e+00	0.000000000000000000e+00
2.955005000041919416e+01	2.341241447332345071e+00	0.000000000000000000e+00	1.366644724271363964e+00	0.000000000000000000e+00
2.965005000042251382e+01	2.345900141694516439e+00	0.000000000000000000e+00	1.284749047881744488e+00	0.000000000000000000e+00
2.975005000042583347e+01	2.344982496347792988e+00	0.000000000000000000e+00	1.218512505361921461e+00	0.000000000000000000e+00
2.985005000042915313e+01	2.334269872869419338e+00	0.000000000000000000e+00	1.161370725159079464e+00	0.000000000000000000e+00
2.995005000043247279e+01	2.316718236129297281e+00	0.000000000000000000e+00	1.093926608674680390e+00	0.000000000000000000e+00
3.005005000043579244e+01	2.293668573009692846e+00	0.000000000000000000e+00	1.033478095240351946e+00	0.000000000000000000e+00
3.015005000043911210e+01	2.266819249245225709e+00	0.000000000000000000e+00	9.638310126567608549e-01	1.000000000000000000e+00
3.025005000044243175e+01	2.247461256252689665e+00	0.000000000000000000e+00	8.978189273460746023e-01	1.000000000000000000e+00
3.035005000044575141e+01	2.236769916492940435e+00	0.000000000000000000e+00	8.664353235563407862e-01	1.000000000000000000e+00
3.045005000044907106e+01	2.217865235145051628e+00	0.000000000000000000e+00	8.475731685732769138e-01	1.000000000000000000e+00
3.055005000045239072e+01	2.168687452395396953e+00	0.000000000000000000e+00	8.366538998410543160e-01	1.000000000000000000e+00
3.065005000045571038e+01	2.112573935238918121e+00	0.000000000000000000e+00	8.473599755058301985e-01	1.000000000000000000e+00
3.075005000045903003e+01	2.057493264572459069e+00	0.000000000000000000e+00	8.759480268314352447e-01	1.000000000000000000e+00
3.085005000046234969e+01	2.006752268067042877e+00	0.000000000000000000e+00	9.289212043754668802e-01	1.000000000000000000e+00
3.095005000046566934e+01	1.960205688818069447e+00	0.000000000000000000e+00	1.009510735821991689e+00	1.000000000000000000e+00
3.105005000046898900e+01	1.918231548541809328e+00	0.000000000000000000e+00	1.086219985551231781e+00	1.000000000000000000e+00
3.115005000047230865e+01	1.879739404334824338e+00	0.000000000000000000e+00	1.132557760961040216e+00	1.000000000000000000e+00
3.125005000047562831e+01	1.842023356981638660e+00	0.000000000000000000e+00	1.184031414585725139e+00	1.000000000000000000e+00
3.135005000047894796e+01	1.807779921878542861e+00	0.000000000000000000e+00	1.146895449657362454e+00	1.000000000000000000e+00
3.145005000048226762e+01	1.777513975981042549e+00	0.000000000000000000e+00	1.164407382237877098e+00	1.000000000000000000e+00
3.155005000048558728e+01	1.753725780695539971e+00	0.000000000000000000e+00	1.149151920036536323e+00	1.000000000000000000e+00
3.165005000048890693e+01	1.730566180479874872e+00	0.000000000000000000e+00	1.170478046450541321e+00	1.000000000000000000e+00
3.175005000049222659e+01	1.707224269503975433e+00	0.000000000000000000e+00	1.180102985767153001e+00	1.000000000000000000e+00
3.185005000049554624e+01	1.684710592083620950e+00	0.000000000000000000e+00	1.201076084421001555e+00	1.000000000000000000e+00
3.195005000049886235e+01	1.676045625757517366e+00	0.000000000000000000e+00	1.231986541331443030e+00	1.000000000000000000e+00
3.205005000050218200e+01	1.676289899424008301e+00	0.000000000000000000e+00	1.246892350113586012e+00	1.000000000000000000e+00
3.215005000050550166e+01	1.693475537226974081e+00	0.000000000000000000e+00	1.248379525080342001e+00	1.000000000000000000e+00
3.225005000050882131e+01	1.717631633863770046e+00	0.000000000000000000e+00	1.224949950781340169e+00	1.000000000000000000e+00
3.235005000051214097e+01	1.744315390416205647e+00	0.000000000000000000e+00	1.211176289482648771e+00	1.000000000000000000e+00
3.245005000051546062e+01	1.763568740208470320e+00	0.000000000000000000e+00	1.162671969374093672e+00	1.000000000000000000e+00
3.255005000051878028e+01	1.784508096237633401e+00	0.000000000000000000e+00	1.143616875658506116e+00	1.000000000000000000e+00
3.265005000052209994e+01	1.811868662383468109e+00	0.000000000000000000e+00	1.121117539896370641e+00	1.000000000000000000e+00
3.275005000052541959e+01	1.837534093597354090e+00	0.000000000000000000e+00	1.111236599625589294e+00	1.000000000000000000e+00
3.285005000052873925e+01	1.861029574758850114e+00	0.000000000000000000e+00	1.104586615139606653e+00	1.000000000000000000e+00
3.295005000053205890e+01	1.884260756308634210e+00	0.000000000000000000e+00	1.115525183103865059e+00	1.000000000000000000e+00
3.305005000053537856e+01	1.899499737612211803e+00	0.000000000000000000e+00	1.139704757291775117e+00	1.000000000000000000e+00
3.315005000053869821e+01	1.910223922930698315e+00	0.000000000000000000e+00	1.157604146044743265e+00	1.000000000000000000e+00
3.325005000054201787e+01	1.918517755787464196e+00	0.000000000000000000e+00	1.218776783573021660e+00	1.000000000000000000e+00
3.335005000054533753e+01	1.929809210584174206e+00	0.000000000000000000e+00	1.283613927318623782e+00	1.000000000000000000e+00
3.345005000054865718e+01	1.940550096411637115e+00	0.000000000000000000e+00	1.371630428435226090e+00	1.000000000000000000e+00
3.355005000055197684e+01	1.951457375882269307e+00	0.000000000000000000e+00	1.464529074550340981e+00	1.000000000000000000e+00
3.365005000055529649e+01	1.959381632225046355e+00	0.000000000000000000e+00	1.570926142334125641e+00	1.000000000000000000e+00
3.375005000055861615e+01	1.964725248106342415e+00	0.000000000000000000e+00	1.667036718635767967e+00	1.000000000000000000e+00
3.385005000056193580e+01	1.961693178293695938e+00	0.000000000000000000e+00	1.769320462872781663e+00	0.000000000000000000e+00
3.395005000056525546e+01	1.954081592427843850e+00	0.000000000000000000e+00	1.877212889228887960e+00	0.000000000000000000e+00
3.405005000056857511e+01	1.941236890575846363e+00	0.000000000000000000e+00	1.977410404124696486e+00	0.000000000000000000e+00
3.415005000057189477e+01	1.902938515395154573e+00	0.000000000000000000e+00	2.079126368243703116e+00	0.000000000000000000e+00
3.425005000057521443e+01	1.875600590905185383e+00	0.000000000000000000e+00	2.169747094728269321e+00	0.000000000000000000e+00
3.435005000057853408e+01	1.815829442857334941e+00	0.000000000000000000e+00	2.267842975138644412e+00	0.000000000000000000e+00
3.445005000058185374e+01	1.770868422669310327e+00	0.000000000000000000e+00	2.361416157532237659e+00	0.000000000000000000e+00
3.455005000058517339e+01	1.688141828572806480e+00	0.000000000000000000e+00	2.440837924294974925e+00	0.000000000000000000e+00
3.465005000058849305e+01	1.622253122945949810e+00	0.000000000000000000e+00	2.511172395793615841e+00	0.000000000000000000e+00
3.475005000059181270e+01	1.548360864335431630e+00	0.000000000000000000e+00	2.571564556921860589e+00	0.000000000000000000e+00
3.485005000059513236e+01	1.452071580227090264e+00	0.000000000000000000e+00	2.619404160850471897e+00	0.000000000000000000e+00
3.495005000059845202e+01	1.377776605115375919e+00	0.000000000000000000e+00	2.652749743699394980e+00	0.000000000000000000e+00
3.505005000060177167e+01	1.281397190388638530e+00	0.000000000000000000e+00	2.671866592439914534e+00	0.000000000000000000e+00
3.515005000060509133e+01	1.176612696523354318e+00	0.000000000000000000e+00	2.677435090229645542e+00	0.000000000000000000e+00
3.525005000060841098e+01	1.087232895451045955e+00	0.000000000000000000e+00	2.670267762297833247e+00	0.000000000000000000e+00
3.535005000061173064e+01	1.012129528202164952e+00	0.000000000000000000e+00	2.645495344133482085e+00	0.000000000000000000e+00
3.545005000061505029e+01	9.141762474402519434e-01	1.000000000000000000e+00	2.601245571514001043e+00	0.000000000000000000e+00
3.555005000061836995e+01	8.535548330515505544e-01	1.000000000000000000e+00	2.545895569444014406e+00	0.000000000000000000e+00
3.565005000062168961e+01	8.131147296659094748e-01	1.000000000000000000e+00	2.480853419966412066e+00	0.000000000000000000e+00
3.575005000062500926e+01	7.665512414774604544e-01	1.000000000000000000e+00	2.396845038769766401e+00	0.000000000000000000e+00
3.585005000062832892e+01	7.489961974728130967e-01	1.000000000000000000e+00	2.308353937505009945e+00	0.000000000000000000e+00
3.595005000063164857e+01	7.289259425673472181e-01	1.000000000000000000e+00	2.221178397444148800e+00	0.000000000000000000e+00
3.605005000063496823e+01	6.887409978202041483e-01	1.000000000000000000e+00	2.127701808781241599e+00	0.000000000000000000e+00
3.615005000063828788e+01	6.762809087650725193e-01	1.000000000000000000e+00	2.043774518834112541e+00	0.000000000000000000e+00
3.625005000064160754e+01	6.550659642512818293e-01	1.000000000000000000e+00	1.970477493599950725e+00	0.000000000000000000e+00
3.635005000064492720e+01	6.163037790868933774e-01	1.000000000000000000e+00	1.897107364489879933e+00	0.000000000000000000e+00
3.645005000064824685e+01	5.819706153042581986e-01	1.000000000000000000e+00	1.849951681412882465e+00	0.000000000000000000e+00
3.655005000065156651e+01	5.320190595521337995e-01	1.000000000000000000e+00	1.810448091585070918e+00	0.000000000000000000e+00
3.665005000065488616e+01	5.063752950858521062e-01	1.000000000000000000e+00	1.778907139430316642e+00	0.000000000000000000e+00
3.675005000065820582e+01	5.006585555677514066e-01	1.000000000000000000e+00	1.759110670024512268e+00	0.000000000000000000e+00
3.685005000066152547e+01	5.146692755628817784e-01	1.000000000000000000e+00	1.735287238481691530e+00	0.000000000000000000e+00
3.695005000066484513e+01	5.704641735716720063e-01	1.000000000000000000e+00	1.716461989474606042e+00	0.000000000000000000e+00
3.705005000066816478e+01	6.466897798872274228e-01	1.000000000000000000e+00	1.699484052831047753e+00	0.000000000000000000e+00
3.715005000067148444e+01	7.512790286851014354e-01	1.000000000000000000e+00	1.678246687286667482e+00	0.000000000000000000e+00
3.725005000067480410e+01	8.418660014472458819e-01	0.000000000000000000e+00	1.663337114897837976e+00	0.000000000000000000e+00
3.735005000067812375e+01	8.820560237786858604e-01	0.000000000000000000e+00	1.657317076925984622e+00	0.000000000000000000e+00
3.745005000068144341e+01	8.161079030469620132e-01	0.000000000000000000e+00	1.647068678573750500e+00	0.000000000000000000e+00
3.755005000068476306e+01	7.560951613510001890e-01	0.000000000000000000e+00	1.644319592874103675e+00	0.000000000000000000e+00
3.765005000068808272e+01	7.408368882560705249e-01	0.000000000000000000e+00	1.647287487609882195e+00	0.000000000000000000e+00
3.775005000069140237e+01	8.439072299359762219e-01	0.000000000000000000e+00	1.653826899120449445e+00	0.000000000000000000e+00
3.785005000069472203e+01	1.010209755369299245e+00	1.000000000000000000e+00	1.670811327173958860e+00	0.000000000000000000e+00
3.795005000069804169e+01	1.112170372254479345e+00	1.000000000000000000e+00	1.687217386504582306e+00	0.000000000000000000e+00
3.805005000070136134e+01	1.284714558281114360e+00	1.000000000000000000e+00	1.709619127671325289e+00	0.000000000000000000e+00
3.815005000070468100e+01	1.441431113785217377e+00	1.000000000000000000e+00	1.723430864850446609e+00	0.000000000000000000e+00
3.825005000070800065e+01	1.540609890125738124e+00	1.000000000000000000e+00	1.737062497441707043e+00	0.000000000000000000e+00
3.835005000071132031e+01	1.587745352817897748e+00	1.000000000000000000e+00	1.767595640188851291e+00	0.000000000000000000e+00
3.845005000071463996e+01	1.646796793405167714e+00	1.000000000000000000e+00	1.805806812835530906e+00	0.000000000000000000e+00
3.855005000071795962e+01	1.724561687743556782e+00	0.000000000000000000e+00	1.850360957265954065e+00	0.000000000000000000e+00
3.865005000072127928e+01	1.798922492607129220e+00	0.000000000000000000e+00	1.892799323342396534e+00	0.000000000000000000e+00
3.875005000072459893e+01	1.815268261019050255e+00	0.000000000000000000e+00	1.924915054821079607e+00	0.000000000000000000e+00
3.885005000072791859e+01	1.835736030604948388e+00	0.000000000000000000e+00	1.952495340612637520e+00	0.000000000000000000e+00
3.895005000073123824e+01	1.867724932762982570e+00	0.000000000000000000e+00	1.975262317780747789e+00	0.000000000000000000e+00
3.905005000073455790e+01	1.895958976226925552e+00	0.000000000000000000e+00	1.974490233799606864e+00	0.000000000000000000e+00
3.915005000073787755e+01	1.917230484758135400e+00	0.000000000000000000e+00	1.945372521521984144e+00	0.000000000000000000e+00
3.925005000074119721e+01	1.943404614452520329e+00	0.000000000000000000e+00	1.913904624253232045e+00	0.000000000000000000e+00
3.935005000074451686e+01	1.964007334928896897e+00	0.000000000000000000e+00	1.892584938632674518e+00	0.000000000000000000e+00
3.945005000074783652e+01	1.984429220372824210e+00	0.000000000000000000e+00	1.871956455931369279e+00	0.000000000000000000e+00
3.955005000075115618e+01	2.010608439058361174e+00	0.000000000000000000e+00	1.841290439516109378e+00	0.000000000000000000e+00
3.965005000075447583e+01	2.043369713617718908e+00	0.000000000000000000e+00	1.796610251036395711e+00	0.000000000000000000e+00
3.975005000075779549e+01	2.076503617527730494e+00	0.000000000000000000e+00	1.772155550860724960e+00	0.000000000000000000e+00
3.985005000076111514e+01	2.109964519639735414e+00	0.000000000000000000e+00	1.762520341128943846e+00	0.000000000000000000e+00
3.995005000076443480e+01	2.139050413156609043e+00	0.000000000000000000e+00	1.750868219497171863e+00	0.000000000000000000e+00
4.005005000076775445e+01	2.160365782676942903e+00	0.000000000000000000e+00	1.740593416664833804e+00	0.000000000000000000e+00
4.015005000077107411e+01	2.170207100473644068e+00	0.000000000000000000e+00	1.736923620171990201e+00	0.000000000000000000e+00
4.025005000077439377e+01	2.162710346507393577e+00	0.000000000000000000e+00	1.711990887663472405e+00	0.000000000000000000e+00
4.035005000077771342e+01	2.133595488664560502e+00	0.000000000000000000e+00	1.712344145554802299e+00	0.000000000000000000e+00
4.045005000078103308e+01	2.099696603420086127e+00	0.000000000000000000e+00	1.703252249810033536e+00	0.000000000000000000e+00
4.055005000078435273e+01	2.065770894186842899e+00	0.000000000000000000e+00	1.664024673258228670e+00	0.000000000000000000e+00
4.065005000078767239e+01	2.039744600297938248e+00	0.000000000000000000e+00	1.647526674853483808e+00	0.000000000000000000e+00
4.075005000079099204e+01	2.026791043673536574e+00	0.000000000000000000e+00	1.591091231373787496e+00	0.000000000000000000e+00
4.085005000079431170e+01	2.025884614694398067e+00	0.000000000000000000e+00	1.553728090958417907e+00	0.000000000000000000e+00
4.095005000079763136e+01	2.037540275507130794e+00	0.000000000000000000e+00	1.516136462921188199e+00	0.000000000000000000e+00
4.105005000080095101e+01	2.061806579502289960e+00	0.000000000000000000e+00	1.471302425535817804e+00	0.000000000000000000e+00
4.115005000080427067e+01	2.092578958164198699e+00	0.000000000000000000e+00	1.445139497574816190e+00	0.000000000000000000e+00
4.125005000080759032e+01	2.127418742068786006e+00	0.000000000000000000e+00	1.417135754358331834e+00	0.000000000000000000e+00
4.135005000081090998e+01	2.167124275657045462e+00	0.000000000000000000e+00	1.387648144409939777e+00	0.000000000000000000e+00
4.145005000081422963e+01	2.207858980959035655e+00	0.000000000000000000e+00	1.418071600798002763e+00	0.000000000000000000e+00
4.155005000081754929e+01	2.246740896002374033e+00	0.000000000000000000e+00	1.367220328334169732e+00	0.000000000000000000e+00
4.165005000082086895e+01	2.282617657115774357e+00	0.000000000000000000e+00	1.450048856059324764e+00	0.000000000000000000e+00
4.175005000082418860e+01	2.311977305016513551e+00	0.000000000000000000e+00	1.400512598535532005e+00	0.000000000000000000e+00
4.185005000082750826e+01	2.333899770580346811e+00	0.000000000000000000e+00	1.466104094335083818e+00	0.000000000000000000e+00
4.195005000083082791e+01	2.347962003460602354e+00	0.000000000000000000e+00	1.447495353549636876e+00	0.000000000000000000e+00
4.205005000083414757e+01	2.353193370773751347e+00	0.000000000000000000e+00	1.492073391459354914e+00	0.000000000000000000e+00
4.215005000083746722e+01	2.346486224439325863e+00	0.000000000000000000e+00	1.474963040829889716e+00	0.000000000000000000e+00
4.225005000084078688e+01	2.330309181691224474e+00	0.000000000000000000e+00	1.495572399379147210e+00	0.000000000000000000e+00
4.235005000084410653e+01	2.305469115358408594e+00	0.000000000000000000e+00	1.498573562616950960e+00	0.000000000000000000e+00
4.245005000084742619e+01	2.274059915312677926e+00	0.000000000000000000e+00	1.478795519022368943e+00	0.000000000000000000e+00
4.255005000085074585e+01	2.239585647388870893e+00	0.000000000000000000e+00	1.501096530469147039e+00	0.000000000000000000e+00
4.265005000085406550e+01	2.200517958392860685e+00	0.000000000000000000e+00	1.485015128378135651e+00	0.000000000000000000e+00
4.275005000085738516e+01	2.157461304870770480e+00	0.000000000000000000e+00	1.482961104870454738e+00	0.000000000000000000e+00
4.285005000086070481e+01	2.116805694583288044e+00	0.000000000000000000e+00	1.484991035520794034e+00	0.000000000000000000e+00
4.295005000086402447e+01	2.082769193148454434e+00	0.000000000000000000e+00	1.473715844377356143e+00	0.000000000000000000e+00
4.305005000086734412e+01	2.051118479434837827e+00	0.000000000000000000e+00	1.484104931118845450e+00	0.000000000000000000e+00
4.315005000087066378e+01	2.028857445705790408e+00	0.000000000000000000e+00	1.463165256710399653e+00	0.000000000000000000e+00
4.325005000087398344e+01	2.011143035676300705e+00	0.000000000000000000e+00	1.460927341969790572e+00	0.000000000000000000e+00
4.335005000087730309e+01	2.013355820647018568e+00	0.000000000000000000e+00	1.465959642130473473e+00	0.000000000000000000e+00
4.345005000088062275e+01	2.019773530989264820e+00	0.000000000000000000e+00	1.497229866639479212e+00	0.000000000000000000e+00
4.355005000088394240e+01	2.038942628354206921e+00	0.000000000000000000e+00	1.495613548299115081e+00	0.000000000000000000e+00
4.365005000088726206e+01	2.067751065634263696e+00	0.000000000000000000e+00	1.519955540374981817e+00	0.000000000000000000e+00
4.375005000089058171e+01	2.103637669549851985e+00	0.000000000000000000e+00	1.559746796951895664e+00	0.000000000000000000e+00
4.385005000089390137e+01	2.139098501964676213e+00	0.000000000000000000e+00	1.596175518233620805e+00	0.000000000000000000e+00
4.395005000089722103e+01	2.171011043131699125e+00	0.000000000000000000e+00	1.617643022153422816e+00	0.000000000000000000e+00
4.405005000090054068e+01	2.195334450249164071e+00	0.000000000000000000e+00	1.654541232010059648e+00	0.000000000000000000e+00
4.415005000090386034e+01	2.211828649925247081e+00	0.000000000000000000e+00	1.687426530703413752e+00	0.000000000000000000e+00
4.425005000090717999e+01	2.217716064089580996e+00	0.000000000000000000e+00	1.717453960154641468e+00	0.000000000000000000e+00
4.435005000091049965e+01	2.215678514278530020e+00	0.000000000000000000e+00	1.736198731591271027e+00	0.000000000000000000e+00
4.445005000091381930e+01	2.199970901603924833e+00	0.000000000000000000e+00	1.763756102980163831e+00	0.000000000000000000e+00
4.455005000091713896e+01	2.156243415978722044e+00	0.000000000000000000e+00	1.785021418786101766e+00	0.000000000000000000e+00
4.465005000092045861e+01	2.116080902002524855e+00	0.000000000000000000e+00	1.787375259763090973e+00	0.000000000000000000e+00
4.475005000092377827e+01	2.075336966266186689e+00	0.000000000000000000e+00	1.793189918536040484e+00	0.000000000000000000e+00
4.485005000092709793e+01	2.038261719202601352e+00	0.000000000000000000e+00	1.797201629036703663e+00	0.000000000000000000e+00
4.495005000093041758e+01	2.004661984981384482e+00	0.000000000000000000e+00	1.819231954908388627e+00	0.000000000000000000e+00
4.505005000093373724e+01	1.976843882404334396e+00	0.000000000000000000e+00	1.839781909400799442e+00	0.000000000000000000e+00
4.515005000093705689e+01	1.954397923452308339e+00	0.000000000000000000e+00	1.856905235732509540e+00	0.000000000000000000e+00
4.525005000094037655e+01	1.944468271904223222e+00	0.000000000000000000e+00	1.881278331739756116e+00	0.000000000000000000e+00
4.535005000094369620e+01	1.950942534324023647e+00	0.000000000000000000e+00	1.908544610771110150e+00	0.000000000000000000e+00
4.545005000094701586e+01	1.967566263686837624e+00	0.000000000000000000e+00	1.938753648977665556e+00	0.000000000000000000e+00
4.555005000095033552e+01	1.978072991015446647e+00	0.000000000000000000e+00	1.964620318497562801e+00	0.000000000000000000e+00
4.565005000095365517e+01	2.006030240295588740e+00	0.000000000000000000e+00	1.986725724238231239e+00	0.000000000000000000e+00
4.575005000095697483e+01	2.062255409017852426e+00	0.000000000000000000e+00	2.015538325616882176e+00	0.000000000000000000e+00
4.585005000096029448e+01	2.123873366243385963e+00	0.000000000000000000e+00	2.045670585694856491e+00	0.000000000000000000e+00
4.595005000096361414e+01	2.177687845309658421e+00	0.000000000000000000e+00	2.067633911735919039e+00	0.000000000000000000e+00
4.605005000096693379e+01	2.215363948466195332e+00	0.000000000000000000e+00	2.084422382380205718e+00	0.000000000000000000e+00
4.615005000097025345e+01	2.226214811807226468e+00	0.000000000000000000e+00	2.090267256643602689e+00	0.000000000000000000e+00
4.625005000097357311e+01	2.227550825800704626e+00	0.000000000000000000e+00	2.084042436987107560e+00	0.000000000000000000e+00
4.635005000097689276e+01	2.240598678701245294e+00	0.000000000000000000e+00	2.067486824845772286e+00	0.000000000000000000e+00
4.645005000098021242e+01	2.252103816980344231e+00	0.000000000000000000e+00	2.039872394005446399e+00	0.000000000000000000e+00
4.655005000098353207e+01	2.252489834835637694e+00	0.000000000000000000e+00	2.006227612636958924e+00	0.000000000000000000e+00
4.665005000098685173e+01	2.242474125454312794e+00	0.000000000000000000e+00	1.969820682431512537e+00	0.000000000000000000e+00
4.675005000099017138e+01	2.224511336607027712e+00	0.000000000000000000e+00	1.932212636279638573e+00	0.000000000000000000e+00
4.685005000099349104e+01	2.199367899544300897e+00	0.000000000000000000e+00	1.893134258115960034e+00	0.000000000000000000e+00
4.695005000099681070e+01	2.166340085012945060e+00	0.000000000000000000e+00	1.854787111739746530e+00	0.000000000000000000e+00
4.705005000100013035e+01	2.126442253985195929e+00	0.000000000000000000e+00	1.815366926613866783e+00	0.000000000000000000e+00
4.715005000100345001e+01	2.080190379788276367e+00	0.000000000000000000e+00	1.785037858134105537e+00	0.000000000000000000e+00
4.725005000100676966e+01	2.030129835573604602e+00	0.000000000000000000e+00	1.764101060886095418e+00	0.000000000000000000e+00
4.735005000101008932e+01	1.979125780865648609e+00	0.000000000000000000e+00	1.750159920307714945e+00	0.000000000000000000e+00
4.745005000101340897e+01	1.925364512222197177e+00	0.000000000000000000e+00	1.743406308900421475e+00	0.000000000000000000e+00
4.755005000101672863e+01	1.869220313631893893e+00	0.000000000000000000e+00	1.747364826610563027e+00	0.000000000000000000e+00
4.765005000102004828e+01	1.816479749873964211e+00	0.000000000000000000e+00	1.760273470461022782e+00	0.000000000000000000e+00
4.775005000102336794e+01	1.759922966951533496e+00	0.000000000000000000e+00	1.784628342229150011e+00	0.000000000000000000e+00
4.785005000102668760e+01	1.712611468820997018e+00	0.000000000000000000e+00	1.820617635040501892e+00	0.000000000000000000e+00
4.795005000103000725e+01	1.681006186781131451e+00	0.000000000000000000e+00	1.861464588451234858e+00	0.000000000000000000e+00
4.805005000103332691e+01	1.666933787660140664e+00	0.000000000000000000e+00	1.908559049375941896e+00	0.000000000000000000e+00
4.815005000103664656e+01	1.665415332105421919e+00	0.000000000000000000e+00	1.953381158942782525e+00	0.000000000000000000e+00
4.825005000103996622e+01	1.672839984984876516e+00	0.000000000000000000e+00	1.998812639639219402e+00	0.000000000000000000e+00
4.835005000104328587e+01	1.678627060368608426e+00	0.000000000000000000e+00	2.037623477783748527e+00	0.000000000000000000e+00
4.845005000104660553e+01	1.678512648885332581e+00	0.000000000000000000e+00	2.062998036650288469e+00	0.000000000000000000e+00
4.855005000104992519e+01	1.667349243157707939e+00	0.000000000000000000e+00	2.079047835375157582e+00	0.000000000000000000e+00
4.865005000105324484e+01	1.661226799800337606e+00	0.000000000000000000e+00	2.086871649282440178e+00	0.000000000000000000e+00
4.875005000105656450e+01	1.669432400640567860e+00	0.000000000000000000e+00	2.089592915566314879e+00	0.000000000000000000e+00
4.885005000105988415e+01	1.689439552669681932e+00	0.000000000000000000e+00	2.086186278400919747e+00	0.000000000000000000e+00
4.895005000106320381e+01	1.712179095835288711e+00	0.000000000000000000e+00	2.076376178124955008e+00	0.000000000000000000e+00
4.905005000106652346e+01	1.732844623233902093e+00	0.000000000000000000e+00	2.059210871320101610e+00	0.000000000000000000e+00
4.915005000106984312e+01	1.750955097307880903e+00	0.000000000000000000e+00	2.038385797216466955e+00	0.000000000000000000e+00
4.925005000107316278e+01	1.764524644281631360e+00	0.000000000000000000e+00	2.008450095151369297e+00	0.000000000000000000e+00
4.935005000107648243e+01	1.769913514744278604e+00	0.000000000000000000e+00	1.978893312513385627e+00	0.000000000000000000e+00
4.945005000107980209e+01	1.766727425017843744e+00	0.000000000000000000e+00	1.954361761955345500e+00	0.000000000000000000e+00
4.955005000108312174e+01	1.756429631057580432e+00	0.000000000000000000e+00	1.926565636633334799e+00	0.000000000000000000e+00
4.965005000108644140e+01	1.747975296322863858e+00	0.000000000000000000e+00	1.898641609214189563e+00	0.000000000000000000e+00
4.975005000108976105e+01	1.749462761509638753e+00	0.000000000000000000e+00	1.865801658200414437e+00	0.000000000000000000e+00
4.985005000109308071e+01	1.758894992285882308e+00	0.000000000000000000e+00	1.831553325602620186e+00	0.000000000000000000e+00
4.995005000109640036e+01	1.772903633130425760e+00	0.000000000000000000e+00	1.789968429130765593e+00	0.000000000000000000e+00
5.005005000109972002e+01	1.778506740559424371e+00	0.000000000000000000e+00	1.748503495702685484e+00	0.000000000000000000e+00
5.015005000110303968e+01	1.786988511379896893e+00	0.000000000000000000e+00	1.711424600754389846e+00	0.000000000000000000e+00
5.025005000110635933e+01	1.797007853211757933e+00	0.000000000000000000e+00	1.678143867387797084e+00	0.000000000000000000e+00
5.035005000110967899e+01	1.809791782568049845e+00	0.000000000000000000e+00	1.661818466607839717e+00	0.000000000000000000e+00
5.045005000111299864e+01	1.822151390725292197e+00	0.000000000000000000e+00	1.639035420052152858e+00	0.000000000000000000e+00
5.055005000111631830e+01	1.834001529327105473e+00	0.000000000000000000e+00	1.628742003785878634e+00	0.000000000000000000e+00
5.065005000111963795e+01	1.844555441096744186e+00	0.000000000000000000e+00	1.610717498015301175e+00	0.000000000000000000e+00
5.075005000112295761e+01	1.851359522958920589e+00	0.000000000000000000e+00	1.594664984138282948e+00	0.000000000000000000e+00
5.085005000112627727e+01	1.854585837174189455e+00	0.000000000000000000e+00	1.559435567476918028e+00	0.000000000000000000e+00
5.095005000112959692e+01	1.853799298304257714e+00	0.000000000000000000e+00	1.516477964796441036e+00	1.000000000000000000e+00
5.105005000113291658e+01	1.851404414095098039e+00	0.000000000000000000e+00	1.447754818026193435e+00	1.000000000000000000e+00
5.115005000113623623e+01	1.850304798204761125e+00	0.000000000000000000e+00	1.373848107290645437e+00	1.000000000000000000e+00
5.125005000113955589e+01	1.848488692334185002e+00	0.000000000000000000e+00	1.273639364589021383e+00	1.000000000000000000e+00
5.135005000114287554e+01	1.846502609162817832e+00	0.000000000000000000e+00	1.174219035009998580e+00	1.000000000000000000e+00
5.145005000114619520e+01	1.845349245710883990e+00	0.000000000000000000e+00	1.060046566212450303e+00	1.000000000000000000e+00
5.155005000114951486e+01	1.840872029958937395e+00	0.000000000000000000e+00	9.830852621127111890e-01	1.000000000000000000e+00
5.165005000115283451e+01	1.839381798865349360e+00	0.000000000000000000e+00	8.961273407711457528e-01	1.000000000000000000e+00
5.175005000115615417e+01	1.842122484961642215e+00	0.000000000000000000e+00	8.519508107761838422e-01	1.000000000000000000e+00
5.185005000115947382e+01	1.847287558652678019e+00	0.000000000000000000e+00	8.347936957592606566e-01	1.000000000000000000e+00
5.195005000116279348e+01	1.859774726717991378e+00	0.000000000000000000e+00	8.393694917315165371e-01	1.000000000000000000e+00
5.205005000116611313e+01	1.875932269245043527e+00	0.000000000000000000e+00	8.671050604331410616e-01	1.000000000000000000e+00
5.215005000116943279e+01	1.893957685454280560e+00	0.000000000000000000e+00	9.099032967443723141e-01	1.000000000000000000e+00
5.225005000117275245e+01	1.916500762604620212e+00	0.000000000000000000e+00	1.007940025004507634e+00	1.000000000000000000e+00
5.235005000117607210e+01	1.941908652516030509e+00	0.000000000000000000e+00	1.097751731199583691e+00	1.000000000000000000e+00
5.245005000117939176e+01	1.966097346023166326e+00	0.000000000000000000e+00	1.195226073877046824e+00	1.000000000000000000e+00
5.255005000118271141e+01	1.989710961883596863e+00	0.000000000000000000e+00	1.307106833975078874e+00	1.000000000000000000e+00
5.265005000118603107e+01	2.010863456954958828e+00	0.000000000000000000e+00	1.409372558828785538e+00	1.000000000000000000e+00
5.275005000118935072e+01	2.025042138714141515e+00	0.000000000000000000e+00	1.543857516351470505e+00	1.000000000000000000e+00
5.285005000119267038e+01	2.030530865218231007e+00	0.000000000000000000e+00	1.629761617685757225e+00	1.000000000000000000e+00
5.295005000119599003e+01	2.025831813420552852e+00	0.000000000000000000e+00	1.705336089205276684e+00	1.000000000000000000e+00
5.305005000119930969e+01	2.011352936279881209e+00	0.000000000000000000e+00	1.758893605690273976e+00	1.000000000000000000e+00
5.315005000120262935e+01	1.983220236048626850e+00	0.000000000000000000e+00	1.782597205485147107e+00	1.000000000000000000e+00
5.325005000120594900e+01	1.948631213990971833e+00	0.000000000000000000e+00	1.789204732467871262e+00	1.000000000000000000e+00
5.335005000120926866e+01	1.914029661720310971e+00	0.000000000000000000e+00	1.747533015398024414e+00	1.000000000000000000e+00
5.345005000121258831e+01	1.882013445580456246e+00	0.000000000000000000e+00	1.701301033256979345e+00	1.000000000000000000e+00
5.355005000121590797e+01	1.856430961293189297e+00	0.000000000000000000e+00	1.640320828326633062e+00	1.000000000000000000e+00
5.365005000121922762e+01	1.833184395466169736e+00	0.000000000000000000e+00	1.569324659861121685e+00	1.000000000000000000e+00
5.375005000122254728e+01	1.819070510812454522e+00	0.000000000000000000e+00	1.492291207469540693e+00	1.000000000000000000e+00
5.385005000122586694e+01	1.806684648780769953e+00	0.000000000000000000e+00	1.454530036971780405e+00	0.000000000000000000e+00
5.395005000122918659e+01	1.797608746630544152e+00	0.000000000000000000e+00	1.406942386509052012e+00	0.000000000000000000e+00
5.405005000123250625e+01	1.804864600255227769e+00	0.000000000000000000e+00	1.367052654610217521e+00	0.000000000000000000e+00
5.415005000123582590e+01	1.828254114251137930e+00	0.000000000000000000e+00	1.318807051522886020e+00	0.000000000000000000e+00
5.425005000123914556e+01	1.863033241475033686e+00	0.000000000000000000e+00	1.299921216374460675e+00	0.000000000000000000e+00
5.435005000124246521e+01	1.887492621359655454e+00	0.000000000000000000e+00	1.267221325469786164e+00	0.000000000000000000e+00
5.445005000124578487e+01	1.907523716593677587e+00	0.000000000000000000e+00	1.252712117323285357e+00	0.000000000000000000e+00
5.455005000124910453e+01	1.932901628505503622e+00	0.000000000000000000e+00	1.239325325206560136e+00	0.000000000000000000e+00
5.465005000125242418e+01	1.954924057449742625e+00	0.000000000000000000e+00	1.236995581481505679e+00	0.000000000000000000e+00
5.475005000125574384e+01	1.980056601248769921e+00	0.000000000000000000e+00	1.226538084234067627e+00	0.000000000000000000e+00
5.485005000125906349e+01	2.003920352361622914e+00	0.000000000000000000e+00	1.232390775066528388e+00	0.000000000000000000e+00
5.495005000126238315e+01	2.026591767623883822e+00	0.000000000000000000e+00	1.240266644881102387e+00	0.000000000000000000e+00
5.505005000126570280e+01	2.048375619606769060e+00	0.000000000000000000e+00	1.262370832620728800e+00	0.000000000000000000e+00
5.515005000126902246e+01	2.065951894157721291e+00	0.000000000000000000e+00	1.288991043770116196e+00	0.000000000000000000e+00
5.525005000127234212e+01	2.068543503726631982e+00	0.000000000000000000e+00	1.324735700005690076e+00	0.000000000000000000e+00
5.535005000127566177e+01	2.042511288691779114e+00	0.000000000000000000e+00	1.365647922157941618e+00	0.000000000000000000e+00
5.545005000127898143e+01	2.006464130206831786e+00	0.000000000000000000e+00	1.402743718266191264e+00	0.000000000000000000e+00
5.555005000128230108e+01	1.992100267397819202e+00	0.000000000000000000e+00	1.440173700400503520e+00	0.000000000000000000e+00
5.565005000128562074e+01	1.989021114056496398e+00	0.000000000000000000e+00	1.496950950951658088e+00	0.000000000000000000e+00
5.575005000128894039e+01	1.969198691147405089e+00	0.000000000000000000e+00	1.554126206779907093e+00	0.000000000000000000e+00
5.585005000129226005e+01	1.939129464254530921e+00	0.000000000000000000e+00	1.627486880223729226e+00	0.000000000000000000e+00
5.595005000129557970e+01	1.907778376573211476e+00	0.000000000000000000e+00	1.707026564002005031e+00	0.000000000000000000e+00
5.605005000129889936e+01	1.890251296282469573e+00	0.000000000000000000e+00	1.793691106590355355e+00	0.000000000000000000e+00
5.615005000130221902e+01	1.890950466013590514e+00	0.000000000000000000e+00	1.878107646423641253e+00	0.000000000000000000e+00
5.625005000130553867e+01	1.900568532418736023e+00	0.000000000000000000e+00	1.961803389398527386e+00	0.000000000000000000e+00
5.635005000130885833e+01	1.913300600884092706e+00	0.000000000000000000e+00	2.038690881622122753e+00	0.000000000000000000e+00
5.645005000131217798e+01	1.912842816267193102e+00	0.000000000000000000e+00	2.114371415444191271e+00	0.000000000000000000e+00
5.655005000131549764e+01	1.896312741949215175e+00	0.000000000000000000e+00	2.180679197919153545e+00	0.000000000000000000e+00
5.665005000131881729e+01	1.866180876783107401e+00	0.000000000000000000e+00	2.240953372833871970e+00	0.000000000000000000e+00
5.675005000132213695e+01	1.823207200049183685e+00	0.000000000000000000e+00	2.295347070836667669e+00	0.000000000000000000e+00
5.685005000132545661e+01	1.774566043424989914e+00	0.000000000000000000e+00	2.358035126547024518e+00	0.000000000000000000e+00
5.695005000132877626e+01	1.726516374352634386e+00	0.000000000000000000e+00	2.420172412584753907e+00	0.000000000000000000e+00
5.705005000133209592e+01	1.674250900122985497e+00	0.000000000000000000e+00	2.476271503556937148e+00	0.000000000000000000e+00
5.715005000133541557e+01	1.625337988443458226e+00	0.000000000000000000e+00	2.528767809091182261e+00	0.000000000000000000e+00
5.725005000133873523e+01	1.574360528716210794e+00	0.000000000000000000e+00	2.576379317731612772e+00	0.000000000000000000e+00
5.735005000134205488e+01	1.525218354707284840e+00	0.000000000000000000e+00	2.620275630280896717e+00	0.000000000000000000e+00
5.745005000134537454e+01	1.479981599088258770e+00	0.000000000000000000e+00	2.659864169282855961e+00	0.000000000000000000e+00
5.755005000134869420e+01	1.437816600573866399e+00	0.000000000000000000e+00	2.694614128956555277e+00	0.000000000000000000e+00
5.765005000135201385e+01	1.403114014856778669e+00	0.000000000000000000e+00	2.725057132278851935e+00	0.000000000000000000e+00
5.775005000135533351e+01	1.370643455631505470e+00	0.000000000000000000e+00	2.745794567338166736e+00	0.000000000000000000e+00
5.785005000135865316e+01	1.337614899400834556e+00	0.000000000000000000e+00	2.755644627396478974e+00	0.000000000000000000e+00
5.795005000136197282e+01	1.311453226639814895e+00	0.000000000000000000e+00	2.754391848315857594e+00	0.000000000000000000e+00
5.805005000136529247e+01	1.278470293040995021e+00	0.000000000000000000e+00	2.744048803900942080e+00	0.000000000000000000e+00
5.815005000136861213e+01	1.249483092548641316e+00	0.000000000000000000e+00	2.722883890554698372e+00	0.000000000000000000e+00
5.825005000137193178e+01	1.222560727100468592e+00	0.000000000000000000e+00	2.686854170368826900e+00	0.000000000000000000e+00
5.835005000137525144e+01	1.190794067538347045e+00	0.000000000000000000e+00	2.642417609126217037e+00	0.000000000000000000e+00
5.845005000137857110e+01	1.176996139386490059e+00	0.000000000000000000e+00	2.596440704742708938e+00	0.000000000000000000e+00
5.855005000138189075e+01	1.157417714024431277e+00	0.000000000000000000e+00	2.546244153500984098e+00	0.000000000000000000e+00
5.865005000138521041e+01	1.146929797038236387e+00	0.000000000000000000e+00	2.492505257033570842e+00	0.000000000000000000e+00
5.875005000138853006e+01	1.161126541873342743e+00	0.000000000000000000e+00	2.436933442178450981e+00	0.000000000000000000e+00
5.885005000139184972e+01	1.155805906183922094e+00	0.000000000000000000e+00	2.375988391692489099e+00	0.000000000000000000e+00
5.895005000139516937e+01	1.151313497427054466e+00	0.000000000000000000e+00	2.322118247967356552e+00	0.000000000000000000e+00
5.905005000139848903e+01	1.151631506628796320e+00	0.000000000000000000e+00	2.274586748710700768e+00	0.000000000000000000e+00
5.915005000140180869e+01	1.128755305293138056e+00	0.000000000000000000e+00	2.228497516311847004e+00	0.000000000000000000e+00
5.925005000140512834e+01	1.126646329669310553e+00	0.000000000000000000e+00	2.181751827032382351e+00	0.000000000000000000e+00
5.935005000140844800e+01	1.108110168797120654e+00	0.000000000000000000e+00	2.141375451918510642e+00	0.000000000000000000e+00
5.945005000141176765e+01	1.087092808618874695e+00	0.000000000000000000e+00	2.105762513543922410e+00	0.000000000000000000e+00
5.955005000141508731e+01	1.062952595369381248e+00	0.000000000000000000e+00	2.077421402707948506e+00	0.000000000000000000e+00
5.965005000141840696e+01	1.024212083937490636e+00	0.000000000000000000e+00	2.052289926058101344e+00	0.000000000000000000e+00
5.975005000142172662e+01	9.844446917543656639e-01	0.000000000000000000e+00	2.019954718952944983e+00	0.000000000000000000e+00
5.985005000142504628e+01	9.333379641819870010e-01	0.000000000000000000e+00	1.974137146242615160e+00	0.000000000000000000e+00
5.995005000142836593e+01	9.212428224785147446e-01	0.000000000000000000e+00	1.924141101637212747e+00	0.000000000000000000e+00
6.005005000143168559e+01	8.958675684311923071e-01	1.000000000000000000e+00	1.860738293489833328e+00	0.000000000000000000e+00
6.015005000143500524e+01	8.812317467313779407e-01	1.000000000000000000e+00	1.824522584449992380e+00	0.000000000000000000e+00
6.025005000143832490e+01	8.786797437827521540e-01	1.000000000000000000e+00	1.804041342277213689e+00	0.000000000000000000e+00
6.035005000144164455e+01	8.341874105743528611e-01	1.000000000000000000e+00	1.767640495008948820e+00	0.000000000000000000e+00
6.045005000144496421e+01	7.803242327303268056e-01	1.000000000000000000e+00	1.734030423936186560e+00	0.000000000000000000e+00
6.055005000144828387e+01	7.323221680053534355e-01	1.000000000000000000e+00	1.704803449699237028e+00	0.000000000000000000e+00
6.065005000145160352e+01	6.697657061979398474e-01	1.000000000000000000e+00	1.703449771251945855e+00	0.000000000000000000e+00
6.075005000145492318e+01	6.042553990287827803e-01	1.000000000000000000e+00	1.685685564127174185e+00	0.000000000000000000e+00
6.085005000145824283e+01	5.448380262547779518e-01	1.000000000000000000e+00	1.640045224083452213e+00	0.000000000000000000e+00
6.095005000146156249e+01	4.855926232734930070e-01	1.000000000000000000e+00	1.577256503807405119e+00	0.000000000000000000e+00
6.105005000146488214e+01	4.446552610141423778e-01	1.000000000000000000e+00	1.534254991846891292e+00	0.000000000000000000e+00
6.115005000146820180e+01	4.090711585875673184e-01	1.000000000000000000e+00	1.463495581355801267e+00	1.000000000000000000e+00
6.125005000147152145e+01	3.873809048574465841e-01	1.000000000000000000e+00	1.367053781788515332e+00	1.000000000000000000e+00
6.135005000147484111e+01	3.931191457311972726e-01	1.000000000000000000e+00	1.247593774198693994e+00	1.000000000000000000e+00
6.145005000147816077e+01	3.943682469468568486e-01	1.000000000000000000e+00	1.141430052676175366e+00	1.000000000000000000e+00
6.155005000148148042e+01	4.061373902220691834e-01	1.000000000000000000e+00	1.008846960184033748e+00	1.000000000000000000e+00
6.165005000148480008e+01	4.144800291300173578e-01	1.000000000000000000e+00	8.764480348058084624e-01	1.000000000000000000e+00
6.175005000148811973e+01	4.465746314345178103e-01	1.000000000000000000e+00	7.284845656790778223e-01	1.000000000000000000e+00
6.185005000149143939e+01	4.908415274652053739e-01	1.000000000000000000e+00	6.228130908768995111e-01	1.000000000000000000e+00
6.195005000149475904e+01	5.611778057559996258e-01	1.000000000000000000e+00	5.707014131066910911e-01	1.000000000000000000e+00
6.205005000149807870e+01	6.610731668108685843e-01	1.000000000000000000e+00	5.368636395269449357e-01	1.000000000000000000e+00
6.215005000150139836e+01	7.870798103931435641e-01	1.000000000000000000e+00	5.163478994044820025e-01	0.000000000000000000e+00
6.225005000150471801e+01	8.739039772637477999e-01	1.000000000000000000e+00	4.687476255987751972e-01	0.000000000000000000e+00
6.235005000150803767e+01	9.653809807183473257e-01	1.000000000000000000e+00	4.756322204301268175e-01	0.000000000000000000e+00
6.245005000151135732e+01	1.100842851654890264e+00	1.000000000000000000e+00	5.643299680667048790e-01	0.000000000000000000e+00
6.255005000151467698e+01	1.161565467273998564e+00	1.000000000000000000e+00	7.214202769367237256e-01	0.000000000000000000e+00
6.265005000151799663e+01	1.233753857315134761e+00	1.000000000000000000e+00	9.612777514025285797e-01	0.000000000000000000e+00
6.275005000152131629e+01	1.412581692044592607e+00	1.000000000000000000e+00	1.201415607190877699e+00	0.000000000000000000e+00
6.285005000152463595e+01	1.529211020306054492e+00	1.000000000000000000e+00	1.416285158719972070e+00	0.000000000000000000e+00
6.295005000152795560e+01	1.553646652023776831e+00	1.000000000000000000e+00	1.547082096835198151e+00	0.000000000000000000e+00
6.305005000153127526e+01	1.664633187324717323e+00	1.000000000000000000e+00	1.724697715022699418e+00	0.000000000000000000e+00
6.315005000153459491e+01	1.752334378282467409e+00	1.000000000000000000e+00	1.856128681573087080e+00	0.000000000000000000e+00
6.325005000153791457e+01	1.754606837406543995e+00	1.000000000000000000e+00	1.938784033774251903e+00	0.000000000000000000e+00
6.335005000154123422e+01	1.831212341362058682e+00	1.000000000000000000e+00	2.055225596417789014e+00	0.000000000000000000e+00
6.345005000154455388e+01	1.824678328183928055e+00	1.000000000000000000e+00	2.173218450104176469e+00	0.000000000000000000e+00
6.355005000154787353e+01	1.861602523535803577e+00	1.000000000000000000e+00	2.273468153761799115e+00	0.000000000000000000e+00
6.365005000155119319e+01	1.873328279351887726e+00	1.000000000000000000e+00	2.341838643809880161e+00	0.000000000000000000e+00
6.375005000155451285e+01	1.866515682901936923e+00	1.000000000000000000e+00	2.395367737511959749e+00	0.000000000000000000e+00
6.385005000155783250e+01	1.875606128532687267e+00	1.000000000000000000e+00	2.405661049453734268e+00	0.000000000000000000e+00
6.395005000156115216e+01	1.909475828012420884e+00	1.000000000000000000e+00	2.396520723518244633e+00	0.000000000000000000e+00
6.405005000156447181e+01	1.917284314106995735e+00	1.000000000000000000e+00	2.379560876546288117e+00	0.000000000000000000e+00
6.415005000156779147e+01	1.944932616573223916e+00	0.000000000000000000e+00	2.377991634172100799e+00	0.000000000000000000e+00
6.425005000157111112e+01	1.979758534119970381e+00	0.000000000000000000e+00	2.397726628333519905e+00	0.000000000000000000e+00
6.435005000157443078e+01	2.009341579915107090e+00	0.000000000000000000e+00	2.411594669396470714e+00	0.000000000000000000e+00
6.445005000157775044e+01	2.047600902646199206e+00	0.000000000000000000e+00	2.408913088977651551e+00	0.000000000000000000e+00
6.455005000158107009e+01	2.095349869811801380e+00	0.000000000000000000e+00	2.390792209907906418e+00	0.000000000000000000e+00
6.465005000158438975e+01	2.117451012015491241e+00	0.000000000000000000e+00	2.360430961776882608e+00	0.000000000000000000e+00
6.475005000158770940e+01	2.119415184071517189e+00	0.000000000000000000e+00	2.323556211376656577e+00	0.000000000000000000e+00
6.485005000159102906e+01	2.144460275767729129e+00	0.000000000000000000e+00	2.291587424493048530e+00	0.000000000000000000e+00
6.495005000159434871e+01	2.174572961422246653e+00	0.000000000000000000e+00	2.266901243494487073e+00	0.000000000000000000e+00
6.505005000159766837e+01	2.198419293496901350e+00	0.000000000000000000e+00	2.248746014685029770e+00	0.000000000000000000e+00
6.515005000160098803e+01	2.199427757328412891e+00	0.000000000000000000e+00	2.237363743184893838e+00	0.000000000000000000e+00
6.525005000160430768e+01	2.174711084819239915e+00	0.000000000000000000e+00	2.232278841082047993e+00	0.000000000000000000e+00
6.535005000160762734e+01	2.137596080933074294e+00	0.000000000000000000e+00	2.233387514378330607e+00	0.000000000000000000e+00
6.545005000161094699e+01	2.113912559402675306e+00	0.000000000000000000e+00	2.239134678032293380e+00	0.000000000000000000e+00
6.555005000161426665e+01	2.113432762053867098e+00	0.000000000000000000e+00	2.248083769403974586e+00	0.000000000000000000e+00
6.565005000161758630e+01	2.141556999377033588e+00	0.000000000000000000e+00	2.258055566623498489e+00	0.000000000000000000e+00
6.575005000162090596e+01	2.184268655840944096e+00	0.000000000000000000e+00	2.266695663080754208e+00	0.000000000000000000e+00
6.585005000162422562e+01	2.222839458846875171e+00	0.000000000000000000e+00	2.273115324926073377e+00	0.000000000000000000e+00
6.595005000162754527e+01	2.240006882038806602e+00	0.000000000000000000e+00	2.276009693521841903e+00	0.000000000000000000e+00
6.605005000163086493e+01	2.235080528676961720e+00	0.000000000000000000e+00	2.274249349611370263e+00	0.000000000000000000e+00
6.615005000163418458e+01	2.222740581414059946e+00	0.000000000000000000e+00	2.265816997588546933e+00	0.000000000000000000e+00
6.625005000163750424e+01	2.214482662096370902e+00	0.000000000000000000e+00	2.247882291655460385e+00	0.000000000000000000e+00
6.635005000164082389e+01	2.210659134995941688e+00	0.000000000000000000e+00	2.219802037664085237e+00	0.000000000000000000e+00
6.645005000164414355e+01	2.210705819616644252e+00	0.000000000000000000e+00	2.183330352961457610e+00	0.000000000000000000e+00
6.655005000164746320e+01	2.212419640982871805e+00	0.000000000000000000e+00	2.141074871625012310e+00	0.000000000000000000e+00
6.665005000165078286e+01	2.214874186455635385e+00	0.000000000000000000e+00	2.101027991432034892e+00	0.000000000000000000e+00
6.675005000165410252e+01	2.217681448506953590e+00	0.000000000000000000e+00	2.070480515639872898e+00	0.000000000000000000e+00
6.685005000165742217e+01	2.218269915345810528e+00	0.000000000000000000e+00	2.048464979559331933e+00	0.000000000000000000e+00
6.695005000166074183e+01	2.216220917584712957e+00	0.000000000000000000e+00	2.034092903521535156e+00	0.000000000000000000e+00
6.705005000166406148e+01	2.212450425967678491e+00	0.000000000000000000e+00	2.028865818979333380e+00	0.000000000000000000e+00
6.715005000166738114e+01	2.208027094610452323e+00	0.000000000000000000e+00	2.033903096342963845e+00	0.000000000000000000e+00
6.725005000167070079e+01	2.197310889426035363e+00	0.000000000000000000e+00	2.048825559552617914e+00	0.000000000000000000e+00
6.735005000167402045e+01	2.173071620299988460e+00	0.000000000000000000e+00	2.072183082890568961e+00	0.000000000000000000e+00
6.745005000167734011e+01	2.139722869584657072e+00	0.000000000000000000e+00	2.100810312432136229e+00	0.000000000000000000e+00
